0 0.4945294117647059 0.7010460251046026 0.05 0.15523012552301255
1 0.37905882352941184 0.36652719665271966 0.7484705882352942 0.7330543933054393
0 0.4739235294117647 0.8273849372384937 0.06549411764705883 0.07192468619246863
0 0.4409235294117647 0.8851987447698745 0.03438823529411765 0.06705020920502092
0 0.626 0.7712761506276151 0.0344 0.06221757322175732
0 0.37405294117647064 0.7557426778242677 0.016105882352941175 0.03282426778242678
0 0.278 0.675418410041841 0.14047058823529412 0.3073221757322176
0 0.5439705882352941 0.8859832635983264 0.04264705882352941 0.02301255230125523
0 0.6011941176470588 0.6905125523012552 0.07838823529411765 0.06554393305439331
0 0.5384411764705882 0.8347280334728033 0.05723529411764706 0.07364016736401674
0 0.35802352941176474 0.8900627615062762 0.0536 0.05083682008368201
0 0.4381529411764705 0.7166004184100417 0.0436 0.1143723849372385
