0 0.6804000000000001 0.5726166666666667 0.12269999999999999 0.17143333333333333
1 0.6876000000000001 0.29183333333333333 0.6238 0.5836666666666667
0 0.7809875 0.5269333333333334 0.056025 0.057866666666666663
0 0.8120999999999999 0.6685 0.0547 0.04833333333333333
0 0.7735875 0.6416999999999999 0.048674999999999996 0.0694
0 0.9305625000000001 0.689 0.033375 0.04733333333333333
0 0.9821249999999999 0.6246333333333334 0.035750000000000004 0.08393333333333333
1 0.650425 0.8283999999999999 0.61115 0.19386666666666666
0 0.987 0.5276333333333333 0.026000000000000002 0.09206666666666667
0 0.9101250000000001 0.2345 0.17975000000000002 0.25833333333333336
0 0.9039750000000001 0.9470000000000001 0.19204999999999997 0.07733333333333334
0 0.965325 0.42608333333333337 0.0645 0.0759
