0 0.56134375 0.7467777777777778 0.0389375 0.02491358024691358
0 0.8030156249999999 0.8281481481481482 0.08740624999999999 0.07061728395061728
0 0.40075000000000005 0.7024691358024692 0.0700625 0.14074074074074075
0 0.6159843749999999 0.9144691358024691 0.02446875 0.05758024691358025
0 0.814828125 0.7320740740740741 0.07909374999999999 0.10809876543209877
0 0.68165625 0.412641975308642 0.1580625 0.4232592592592592
0 0.601484375 0.7514320987654322 0.03484375 0.14059259259259257
0 0.37265625 0.5887037037037036 0.05159375000000001 0.10234567901234569
0 0.4291875 0.600679012345679 0.04390625 0.07977777777777778
1 0.6746874999999999 0.3617283950617284 0.650625 0.7195061728395061
