0 0.9774910394265234 0.39569060773480663 0.03792114695340502 0.052154696132596684
1 0.08582437275985662 0.47616022099447514 0.16813620071684587 0.9092265193370166
0 0.09304659498207886 0.5260497237569061 0.04258064516129033 0.10790055248618785
1 0.42557347670250895 0.3641436464088398 0.16512544802867385 0.323646408839779
0 0.17093189964157707 0.5800276243093923 0.0956989247311828 0.09895027624309392
0 0.6916845878136201 0.7279281767955801 0.034265232974910395 0.03143646408839779
1 0.35152329749103944 0.8269337016574585 0.36469534050179214 0.16270718232044198
0 0.1896057347670251 0.6457734806629833 0.16100358422939068 0.09154696132596685
0 0.8905555555555555 0.39162983425414366 0.03910394265232975 0.042265193370165745
0 0.5565591397849462 0.48334254143646416 0.01985663082437276 0.10160220994475139
0 0.28213261648745513 0.46491712707182314 0.08326164874551971 0.22154696132596685
0 0.2213978494623656 0.44917127071823204 0.04960573476702509 0.1447513812154696
0 0.23686379928315415 0.5408839779005524 0.1867025089605735 0.11779005524861878
