0 0.6056949806949807 0.5506701030927835 0.211003861003861 0.11938144329896908
1 0.7218532818532819 0.717422680412371 0.059845559845559844 0.06680412371134022
0 0.4202509652509652 0.26639175257731956 0.030308880308880307 0.06670103092783505
0 0.4673938223938224 0.43572164948453607 0.04938223938223938 0.07268041237113401
0 0.39357142857142857 0.5125515463917526 0.03424710424710425 0.11994845360824742
0 0.6352316602316601 0.7688144329896908 0.03146718146718147 0.06443298969072164
1 0.6144787644787644 0.1284020618556701 0.771042471042471 0.2431958762886598
1 0.13216216216216217 0.31832474226804125 0.11683397683397684 0.15335051546391754
0 0.46888030888030885 0.7814175257731959 0.12602316602316602 0.12788659793814433
1 0.7292277992277991 0.38917525773195877 0.05150579150579151 0.1268041237113402
