0 0.6124484536082475 0.5230694980694982 0.016030927835051546 0.0327027027027027
0 0.2388144329896907 0.5580888030888032 0.11134020618556702 0.032007722007722006
1 0.2327319587628866 0.23401544401544402 0.4644329896907216 0.46416988416988414
0 0.563041237113402 0.5037065637065637 0.05432989690721649 0.022007722007722007
0 0.5572164948453608 0.5547683397683397 0.04453608247422681 0.03602316602316602
0 0.46579896907216495 0.4635714285714286 0.09974226804123712 0.0764092664092664
0 0.30827319587628865 0.5680888030888032 0.01695876288659794 0.012007722007722007
0 0.31853092783505155 0.548088803088803 0.03561855670103093 0.021351351351351352
0 0.4249484536082474 0.5404247104247104 0.020515463917525772 0.035366795366795364
0 0.2753092783505155 0.517065637065637 0.05257731958762886 0.03938223938223938
