0 0.7078833333333333 0.8865773809523809 0.0357 0.0868452380952381
1 0.5209333333333334 0.26845238095238094 0.8801333333333334 0.5369047619047619
0 0.8404833333333334 0.8797916666666667 0.0471 0.06244047619047619
0 0.5532500000000001 0.5121130952380952 0.06989999999999999 0.13017857142857142
0 0.8435166666666667 0.7861309523809523 0.04103333333333334 0.10583333333333333
1 0.8296000000000001 0.6508928571428572 0.12346666666666667 0.1910714285714286
0 0.6546833333333333 0.6253571428571428 0.07676666666666666 0.08821428571428572
0 0.88265 0.7122023809523809 0.05243333333333333 0.1261904761904762
0 0.7435833333333334 0.8879166666666668 0.0281 0.08142857142857143
0 0.5874499999999999 0.6369047619047619 0.03343333333333333 0.10583333333333333
0 0.66835 0.755625 0.07523333333333333 0.11803571428571427
0 0.5555166666666667 0.6199404761904762 0.02736666666666667 0.0719047619047619
