0 0.3426460481099657 0.8331213872832369 0.02969072164948454 0.08658959537572254
0 0.19527491408934708 0.7245086705202313 0.06649484536082474 0.07907514450867052
0 0.27943298969072167 0.5915606936416186 0.09219931271477663 0.09294797687861271
0 0.3612714776632302 0.8990462427745665 0.07360824742268042 0.04791907514450867
0 0.3728694158075601 0.6673699421965318 0.028831615120274916 0.1445664739884393
0 0.34797250859106527 0.7663294797687862 0.030309278350515466 0.03994219653179191
0 0.3200515463917526 0.7438439306358382 0.025532646048109963 0.04895953757225434
0 0.4315463917525773 0.7586416184971099 0.14281786941580757 0.17728323699421966
0 0.3788487972508591 0.8567052023121388 0.02670103092783505 0.06289017341040463
1 0.41814432989690725 0.3409826589595376 0.5320962199312715 0.6796531791907514
